CG events:
001  [15,13] [18,3] [38,9] [46,8] [54,4]
002  Unused
003  (unchanged) [11,5] [14,7] [15,13]
004  [8,18] [38,9]
005  [1,17] [14,7] [19,5] [31,4] [46,6] [46,21]
006  [30,4] [30,7]
007  [7,12] [8,20]
008  (unchanged) [31,4]
009  (unchanged) Unused
010  (unchanged) [14,10]
011  [18,3] [46,8]
012  (unchanged) [8,22]
013  (unchanged) [15,13]
014  (unchanged) [14,5]
015  Unused
016  (unchanged) Unused
017  [11,5]
018  [20,3]
019  DONE
020  [11,5] [46,19]
021  [46,24]
022  CG Mode only
023  CG Mode only
024  CG Mode only
025  CG Mode only
026  CG Mode only
027  CG Mode only
028  Unused
029  Unused
030  Unused
031  Unused
Pose  [Common,1] [5,1] [6,5] [6,6] [6,10] [6,11] [6,13] [6,14] [6,19] [6,21] [6,22] [6,29] [6,32]
Pose  [7,2] [7,3] [7,4] [7,9] [7,10] [7,12] [7,13] [7,15] [7,16] [7,17] [7,20] [7,22] [7,24]
Pose  [8,1] [8,6] [8,7] [8,11] [8,14] [8,15] [8,16] [8,18] [8,20] [8,22] [10,3] [10,4] [10,9] [10,10] [10,11]
Pose  [11,5], [11,6] [11,7] [11,8] [11,9] [11,11] [11,12] [12,9] [12,13] [14,4] [14,5] [14,6] [14,7] [14,11] [14,17]
Pose  [15,11] [15,13] [15,14] [15,15] [15,17] [18,3] [19,1] [19,5] [20,1] [20,2] [20,3] [24,1]
Pose  [25,7] [25,8] [25,9] [25,10] [26,1] [26,2] [26,3] [26,4] [26,9] [26,10] [27,1] [27,2] [27,5] [27,6]
Pose  [29,12] [29,13] [30,4] [30,6] [30,7] [31,4] [32,1] [32,2] [32,6] [33,4] [34,3] [34,4] [34,5] [34,7]
Pose  [37,4] [38,9] [38,12] [38,13] [39,1] [40,1] [41,1] [42,1] [45,1] [46,1] [46,4] [46,5] [46,6] [46,7]
Pose  [46,8] [46,9] [46,10] [46,11] [46,12] [46,13] [46,15] [46,17] [46,18] [46,19] [46,20] [46,21] [46,24]
Pose  [47,1] [47,12] [52,1] [Battle] [End] [Menu]
